Calculation time:   0.345856 s
Memory usage:       9.986588 MiB
Calculation method: Jacobi
Interlines:         100
Inference function: f(x,y) = 2 * pi^2 * sin(pi * x) * sin(pi * y)
Termination:        Number of iterations
Number iterations:  100
Residuum:           7.553044e-06

Matrix:
 0.0000 0.0000 0.0000 0.0000 0.0000 0.0000 0.0000 0.0000 0.0000
 0.0000 0.0001 0.0002 0.0003 0.0003 0.0003 0.0002 0.0001 0.0000
 0.0000 0.0002 0.0004 0.0005 0.0005 0.0005 0.0004 0.0002 0.0000
 0.0000 0.0003 0.0005 0.0006 0.0007 0.0006 0.0005 0.0003 0.0000
 0.0000 0.0003 0.0005 0.0007 0.0008 0.0007 0.0005 0.0003 0.0000
 0.0000 0.0003 0.0005 0.0006 0.0007 0.0006 0.0005 0.0003 0.0000
 0.0000 0.0002 0.0004 0.0005 0.0005 0.0005 0.0004 0.0002 0.0000
 0.0000 0.0001 0.0002 0.0003 0.0003 0.0003 0.0002 0.0001 0.0000
 0.0000 0.0000 0.0000 0.0000 0.0000 0.0000 0.0000 0.0000 0.0000
