Calculation time:       0.470821 s
Memory usage:           0.060432 MiB
Calculation method:     Gauß-Seidel
Interlines:             10
Perturbation function:  f(x,y) = 2 * pi^2 * sin(pi * x) * sin(pi * y)
Termination:            Number of iterations
Number of iterations:   10000
Residuum:               3.713152e-09

Matrix:
 0.0000 0.0000 0.0000 0.0000 0.0000 0.0000 0.0000 0.0000 0.0000
 0.0000 0.1465 0.2706 0.3536 0.3827 0.3536 0.2706 0.1465 0.0000
 0.0000 0.2706 0.5001 0.6533 0.7072 0.6533 0.5001 0.2706 0.0000
 0.0000 0.3536 0.6533 0.8536 0.9240 0.8536 0.6533 0.3536 0.0000
 0.0000 0.3827 0.7072 0.9240 1.0001 0.9240 0.7072 0.3827 0.0000
 0.0000 0.3536 0.6533 0.8536 0.9240 0.8536 0.6533 0.3536 0.0000
 0.0000 0.2706 0.5001 0.6533 0.7072 0.6533 0.5001 0.2706 0.0000
 0.0000 0.1465 0.2706 0.3536 0.3827 0.3536 0.2706 0.1465 0.0000
 0.0000 0.0000 0.0000 0.0000 0.0000 0.0000 0.0000 0.0000 0.0000
