Calculation time:   0.000815 s
Memory usage:       0.004410 MiB
Calculation method: Jacobi
Interlines:         1
Inference function: f(x,y) = 2 * pi^2 * sin(pi * x) * sin(pi * y)
Termination:        Required accuracy
Number iterations:  273
Residuum:           9.843313e-05

Matrix:
 0.0000 0.0000 0.0000 0.0000 0.0000 0.0000 0.0000 0.0000 0.0000
 0.0000 0.1462 0.2701 0.3529 0.3820 0.3529 0.2701 0.1462 0.0000
 0.0000 0.2701 0.4991 0.6521 0.7058 0.6521 0.4991 0.2701 0.0000
 0.0000 0.3529 0.6521 0.8520 0.9222 0.8520 0.6521 0.3529 0.0000
 0.0000 0.3820 0.7058 0.9222 0.9982 0.9222 0.7058 0.3820 0.0000
 0.0000 0.3529 0.6521 0.8520 0.9222 0.8520 0.6521 0.3529 0.0000
 0.0000 0.2701 0.4991 0.6521 0.7058 0.6521 0.4991 0.2701 0.0000
 0.0000 0.1462 0.2701 0.3529 0.3820 0.3529 0.2701 0.1462 0.0000
 0.0000 0.0000 0.0000 0.0000 0.0000 0.0000 0.0000 0.0000 0.0000
