Calculation time:   0.244229 s
Memory usage:       489.380501 MiB
Calculation method: Gauß-Seidel
Interlines:         1000
Inference function: f(x,y) = 0
Termination:        Number of iterations
Number iterations:  1
Residuum:           6.665557e-01

Matrix:
 1.0000 0.8750 0.7500 0.6250 0.5000 0.3750 0.2500 0.1250 0.0000
 0.8750 0.0000 0.0000 0.0000 0.0000 0.0000 0.0000 0.0000 0.1250
 0.7500 0.0000 0.0000 0.0000 0.0000 0.0000 0.0000 0.0000 0.2500
 0.6250 0.0000 0.0000 0.0000 0.0000 0.0000 0.0000 0.0000 0.3750
 0.5000 0.0000 0.0000 0.0000 0.0000 0.0000 0.0000 0.0000 0.5000
 0.3750 0.0000 0.0000 0.0000 0.0000 0.0000 0.0000 0.0000 0.6250
 0.2500 0.0000 0.0000 0.0000 0.0000 0.0000 0.0000 0.0000 0.7500
 0.1250 0.0000 0.0000 0.0000 0.0000 0.0000 0.0000 0.0000 0.8750
 0.0000 0.1250 0.2500 0.3750 0.5000 0.6250 0.7500 0.8750 1.0000
