Calculation time:       1.181483 s
Memory usage:           0.060432 MiB
Calculation method:     Gauß-Seidel
Interlines:             10
Perturbation function:  f(x,y) = 2 * pi^2 * sin(pi * x) * sin(pi * y)
Termination:            Required accuracy
Number of iterations:   24618
Residuum:               0.000000e+00

Matrix:
 0.0000 0.0000 0.0000 0.0000 0.0000 0.0000 0.0000 0.0000 0.0000
 0.0000 0.1465 0.2706 0.3536 0.3827 0.3536 0.2706 0.1465 0.0000
 0.0000 0.2706 0.5001 0.6534 0.7072 0.6534 0.5001 0.2706 0.0000
 0.0000 0.3536 0.6534 0.8536 0.9240 0.8536 0.6534 0.3536 0.0000
 0.0000 0.3827 0.7072 0.9240 1.0001 0.9240 0.7072 0.3827 0.0000
 0.0000 0.3536 0.6534 0.8536 0.9240 0.8536 0.6534 0.3536 0.0000
 0.0000 0.2706 0.5001 0.6534 0.7072 0.6534 0.5001 0.2706 0.0000
 0.0000 0.1465 0.2706 0.3536 0.3827 0.3536 0.2706 0.1465 0.0000
 0.0000 0.0000 0.0000 0.0000 0.0000 0.0000 0.0000 0.0000 0.0000
