Berechnungszeit:    0.000093 s
Speicherbedarf:     0.002205 MiB
Berechnungsmethode: Gauß-Seidel
Interlines:         1
Stoerfunktion:      f(x,y) = 0
Terminierung:       Hinreichende Genaugkeit
Anzahl Iterationen: 150
Norm des Fehlers:   9.690739e-05

Matrix:
 1.0000 0.8750 0.7500 0.6250 0.5000 0.3750 0.2500 0.1250 0.0000
 0.8750 0.7808 0.6867 0.5927 0.4989 0.4053 0.3118 0.2184 0.1250
 0.7500 0.6867 0.6236 0.5607 0.4981 0.4358 0.3738 0.3119 0.2500
 0.6250 0.5927 0.5607 0.5290 0.4976 0.4667 0.4360 0.4054 0.3750
 0.5000 0.4989 0.4981 0.4976 0.4976 0.4978 0.4984 0.4992 0.5000
 0.3750 0.4053 0.4358 0.4667 0.4978 0.5293 0.5611 0.5930 0.6250
 0.2500 0.3118 0.3738 0.4360 0.4984 0.5611 0.6240 0.6870 0.7500
 0.1250 0.2184 0.3119 0.4054 0.4992 0.5930 0.6870 0.7810 0.8750
 0.0000 0.1250 0.2500 0.3750 0.5000 0.6250 0.7500 0.8750 1.0000
