Calculation time:   0.000007 s
Memory usage:       0.001236 MiB
Calculation method: Jacobi
Interlines:         0
Inference function: f(x,y) = 2 * pi^2 * sin(pi * x) * sin(pi * y)
Termination:        Number of iterations
Number iterations:  1
Residuum:           7.710628e-02

Matrix:
 0.0000 0.0000 0.0000 0.0000 0.0000 0.0000 0.0000 0.0000 0.0000
 0.0000 0.0113 0.0209 0.0273 0.0295 0.0273 0.0209 0.0113 0.0000
 0.0000 0.0209 0.0386 0.0504 0.0545 0.0504 0.0386 0.0209 0.0000
 0.0000 0.0273 0.0504 0.0658 0.0712 0.0658 0.0504 0.0273 0.0000
 0.0000 0.0295 0.0545 0.0712 0.0771 0.0712 0.0545 0.0295 0.0000
 0.0000 0.0273 0.0504 0.0658 0.0712 0.0658 0.0504 0.0273 0.0000
 0.0000 0.0209 0.0386 0.0504 0.0545 0.0504 0.0386 0.0209 0.0000
 0.0000 0.0113 0.0209 0.0273 0.0295 0.0273 0.0209 0.0113 0.0000
 0.0000 0.0000 0.0000 0.0000 0.0000 0.0000 0.0000 0.0000 0.0000
