Berechnungszeit:    0.071427 s
Speicherbedarf:     978.761002 MiB
Berechnungsmethode: Jacobi
Interlines:         1000
Stoerfunktion:      f(x,y) = 0
Terminierung:       Anzahl der Iterationen
Anzahl Iterationen: 1
Norm des Fehlers:   4.999376e-01

Matrix:
 1.0000 0.8750 0.7500 0.6250 0.5000 0.3750 0.2500 0.1250 0.0000
 0.8750 0.0000 0.0000 0.0000 0.0000 0.0000 0.0000 0.0000 0.1250
 0.7500 0.0000 0.0000 0.0000 0.0000 0.0000 0.0000 0.0000 0.2500
 0.6250 0.0000 0.0000 0.0000 0.0000 0.0000 0.0000 0.0000 0.3750
 0.5000 0.0000 0.0000 0.0000 0.0000 0.0000 0.0000 0.0000 0.5000
 0.3750 0.0000 0.0000 0.0000 0.0000 0.0000 0.0000 0.0000 0.6250
 0.2500 0.0000 0.0000 0.0000 0.0000 0.0000 0.0000 0.0000 0.7500
 0.1250 0.0000 0.0000 0.0000 0.0000 0.0000 0.0000 0.0000 0.8750
 0.0000 0.1250 0.2500 0.3750 0.5000 0.6250 0.7500 0.8750 1.0000
