Berechnungszeit:    0.000223 s
Speicherbedarf:     0.001236 MiB
Berechnungsmethode: Jacobi
Interlines:         0
Stoerfunktion:      f(x,y) = 2 * pi^2 * sin(pi * x) * sin(pi * y)
Terminierung:       Hinreichende Genaugkeit
Anzahl Iterationen: 455
Norm des Fehlers:   5.551115e-17

Matrix:
 0.0000 0.0000 0.0000 0.0000 0.0000 0.0000 0.0000 0.0000 0.0000
 0.0000 0.1483 0.2741 0.3581 0.3876 0.3581 0.2741 0.1483 0.0000
 0.0000 0.2741 0.5065 0.6617 0.7163 0.6617 0.5065 0.2741 0.0000
 0.0000 0.3581 0.6617 0.8646 0.9358 0.8646 0.6617 0.3581 0.0000
 0.0000 0.3876 0.7163 0.9358 1.0130 0.9358 0.7163 0.3876 0.0000
 0.0000 0.3581 0.6617 0.8646 0.9358 0.8646 0.6617 0.3581 0.0000
 0.0000 0.2741 0.5065 0.6617 0.7163 0.6617 0.5065 0.2741 0.0000
 0.0000 0.1483 0.2741 0.3581 0.3876 0.3581 0.2741 0.1483 0.0000
 0.0000 0.0000 0.0000 0.0000 0.0000 0.0000 0.0000 0.0000 0.0000
