Berechnungszeit:    0.000017 s
Speicherbedarf:     0.000618 MiB
Berechnungsmethode: Gauß-Seidel
Interlines:         0
Stoerfunktion:      f(x,y) = 0
Terminierung:       Hinreichende Genaugkeit
Anzahl Iterationen: 163
Norm des Fehlers:   9.144907e-13

Matrix:
 1.0000 0.8750 0.7500 0.6250 0.5000 0.3750 0.2500 0.1250 0.0000
 0.8750 0.7812 0.6875 0.5937 0.5000 0.4062 0.3125 0.2187 0.1250
 0.7500 0.6875 0.6250 0.5625 0.5000 0.4375 0.3750 0.3125 0.2500
 0.6250 0.5937 0.5625 0.5312 0.5000 0.4687 0.4375 0.4062 0.3750
 0.5000 0.5000 0.5000 0.5000 0.5000 0.5000 0.5000 0.5000 0.5000
 0.3750 0.4062 0.4375 0.4687 0.5000 0.5312 0.5625 0.5937 0.6250
 0.2500 0.3125 0.3750 0.4375 0.5000 0.5625 0.6250 0.6875 0.7500
 0.1250 0.2187 0.3125 0.4062 0.5000 0.5937 0.6875 0.7812 0.8750
 0.0000 0.1250 0.2500 0.3750 0.5000 0.6250 0.7500 0.8750 1.0000
