Berechnungszeit:    0.003788 s
Speicherbedarf:     0.004410 MiB
Berechnungsmethode: Jacobi
Interlines:         1
Stoerfunktion:      f(x,y) = 2 * pi^2 * sin(pi * x) * sin(pi * y)
Terminierung:       Hinreichende Genaugkeit
Anzahl Iterationen: 1792
Norm des Fehlers:   2.775558e-17

Matrix:
 0.0000 0.0000 0.0000 0.0000 0.0000 0.0000 0.0000 0.0000 0.0000
 0.0000 0.1469 0.2715 0.3547 0.3839 0.3547 0.2715 0.1469 0.0000
 0.0000 0.2715 0.5016 0.6554 0.7094 0.6554 0.5016 0.2715 0.0000
 0.0000 0.3547 0.6554 0.8563 0.9269 0.8563 0.6554 0.3547 0.0000
 0.0000 0.3839 0.7094 0.9269 1.0032 0.9269 0.7094 0.3839 0.0000
 0.0000 0.3547 0.6554 0.8563 0.9269 0.8563 0.6554 0.3547 0.0000
 0.0000 0.2715 0.5016 0.6554 0.7094 0.6554 0.5016 0.2715 0.0000
 0.0000 0.1469 0.2715 0.3547 0.3839 0.3547 0.2715 0.1469 0.0000
 0.0000 0.0000 0.0000 0.0000 0.0000 0.0000 0.0000 0.0000 0.0000
