Berechnungszeit:    0.479001 s
Speicherbedarf:     9.986588 MiB
Berechnungsmethode: Jacobi
Interlines:         100
Stoerfunktion:      f(x,y) = 2 * pi^2 * sin(pi * x) * sin(pi * y)
Terminierung:       Anzahl der Iterationen
Anzahl Iterationen: 100
Norm des Fehlers:   7.553044e-06

Matrix:
 0.0000 0.0000 0.0000 0.0000 0.0000 0.0000 0.0000 0.0000 0.0000
 0.0000 0.0001 0.0002 0.0003 0.0003 0.0003 0.0002 0.0001 0.0000
 0.0000 0.0002 0.0004 0.0005 0.0005 0.0005 0.0004 0.0002 0.0000
 0.0000 0.0003 0.0005 0.0006 0.0007 0.0006 0.0005 0.0003 0.0000
 0.0000 0.0003 0.0005 0.0007 0.0008 0.0007 0.0005 0.0003 0.0000
 0.0000 0.0003 0.0005 0.0006 0.0007 0.0006 0.0005 0.0003 0.0000
 0.0000 0.0002 0.0004 0.0005 0.0005 0.0005 0.0004 0.0002 0.0000
 0.0000 0.0001 0.0002 0.0003 0.0003 0.0003 0.0002 0.0001 0.0000
 0.0000 0.0000 0.0000 0.0000 0.0000 0.0000 0.0000 0.0000 0.0000
