Berechnungszeit:    0.301089 s
Speicherbedarf:     4.993294 MiB
Berechnungsmethode: Gauß-Seidel
Interlines:         100
Stoerfunktion:      f(x,y) = 0
Terminierung:       Anzahl der Iterationen
Anzahl Iterationen: 100
Norm des Fehlers:   3.783478e-03

Matrix:
 1.0000 0.8750 0.7500 0.6250 0.5000 0.3750 0.2500 0.1250 0.0000
 0.8750 0.0000 0.0000 0.0000 0.0000 0.0000 0.0000 0.0000 0.1250
 0.7500 0.0000 0.0000 0.0000 0.0000 0.0000 0.0000 0.0000 0.2500
 0.6250 0.0000 0.0000 0.0000 0.0000 0.0000 0.0000 0.0000 0.3750
 0.5000 0.0000 0.0000 0.0000 0.0000 0.0000 0.0000 0.0000 0.5000
 0.3750 0.0000 0.0000 0.0000 0.0000 0.0000 0.0000 0.0000 0.6250
 0.2500 0.0000 0.0000 0.0000 0.0000 0.0000 0.0000 0.0000 0.7500
 0.1250 0.0000 0.0000 0.0000 0.0000 0.0000 0.0000 0.0000 0.8750
 0.0000 0.1250 0.2500 0.3750 0.5000 0.6250 0.7500 0.8750 1.0000
